3
217 140 138 140 168 140 149 140 102
140 192 140  82 140 198 140 220 140
138 140 139 140 137 140 136 140 132
140  82 140 110 140 127 140 188 140
168 140 137 140 157 140 146 140 188
140 198 140 127 140 180 140 188 140
149 140 136 140 146 140 141 140 113
140 220 140 188 140 188 140 188 140
102 140 132 140 188 140 113 140 124